Sum:16
Difference:-2
Product:63
Division:0
Modulo:7

Sum:7.300000
Difference:-1.100000
Product:13.020000
Division:0.738095
